0.8999999762
0.8999999762
0.8999999762
0.8999999762
0.8999999762
0.8999999762
0.8999999762
0.8999999762
0.8999999762
0.8999999762
0.8999999762
0.8000000119
0.8000000119
0.8000000119
0.8000000119
0.8000000119
0.6999999881
0.6999999881
0.6999999881
0.6000000238
0.6000000238
0.6000000238
0.6000000238
0.6000000238
0.6000000238
0.6000000238
0.6000000238
0.5
0.5
0.5
0.5
0.5
0.5
0.400000006
0.400000006
0.400000006
0.400000006
0.400000006
0.3000000119
0.3000000119
0.200000003
0.200000003
0.1000000015
0.1000000015
0.1000000015
0.1000000015
0.1000000015
0.1000000015
0
0
0
0
0
0
0
0
0
0
0
0
0
0
0
0
0
0
-0.1000000015
-0.1000000015
-0.1000000015
-0.1000000015
-0.200000003
-0.200000003
-0.200000003
-0.200000003
-0.3000000119
-0.3000000119
-0.400000006
-0.400000006
-0.5
-0.6999999881
-0.8000000119
-0.8000000119
-0.8000000119
-0.8999999762
-0.8999999762
